GT.chld.hsld <- c(0,0.25,0.2,0.15,0.1,0.09,0.05,0.01)
